[5044.763317557968, 2687.966439710335, -2813.332630318084]
[5015.46526681955, 1670.0975519656454, -3556.0544602473487]
[5051.465107627772, 2673.4843928991936, -2815.1061200856298]
[4764.693087702848, 2284.765795165441, -3559.099049090757]
[4778.972028080462, 2801.4397879801936, -3146.903632008136]
[4735.4548224013715, 2846.4630797206373, -3172.184824499181]
[5057.971779421311, 2710.686705354699, -2767.442874566863]
[5105.499372841697, 2628.540847067029, -2759.4003278272603]
[4885.987917047071, 2813.2636868816544, -2966.868804403568]
[4721.0906304347345, 2499.6737617608273, -3471.6819186074404]
[5034.200689067034, 2693.786706510465, -2826.654843100676]
[5001.543443215887, 1689.7598177407688, -3566.3589196788425]
[5051.912106630141, 2686.3878479703417, -2801.989542657338]
[5054.539237573388, 2674.640851969993, -2808.4818690538596]
[5002.40951279021, 1685.2519698700676, -3567.2770938623576]
[5034.45903568288, 2706.442764464049, -2814.077252086586]
[4993.399914585491, 2458.7350742770977, -3100.03550423817]
[5037.553808900012, 2698.911994049591, -2815.771061505576]
[5054.475057650704, 2707.9461322451098, -2776.49970942654]
[5072.535575988377, 2339.998141081599, -3063.238895363357]
[5048.883339398677, 2690.703937646441, -2803.3070372466173]
[5079.027749274359, 2550.674239610498, -2878.7460890965103]
[4773.993677985253, 2278.1972635239904, -3550.836886007105]
[5040.796782093537, 2706.6623670650906, -2802.4966783832315]
[4828.465245474584, 2863.8941618984513, -3012.254073395541]
[5017.604655192097, 2582.6314296032397, -2956.9070704065284]
[5033.1011517568395, 2710.979244090966, -2812.138925140784]
[4883.5139397001085, 2018.6963134014682, -3558.904015987794]
[5066.6392818691365, 2592.2653493490084, -2863.383967613331]
[4743.768581643387, 2837.3067965328455, -3167.963192046525]
[5062.3131976809445, 2666.2954950081494, -2802.4086821669284]
[4756.201725406728, 2613.5707228234864, -3337.2794644797114]
[5071.274108577359, 2864.6791420074783, -2581.750051616193]
[5024.3036387458, 2720.8611106329236, -2818.320202235914]
[5012.044422323796, 1685.4679930974996, -3553.6248188148406]
[5010.873228461786, 1721.8817747512494, -3537.7837189495413]
[4742.358152667103, 2951.538962746839, -3064.000310577526]
[5003.307466988427, 2797.399702390105, -2780.487420551584]
[4784.319142313541, 2271.5384145472162, -3541.1925358173526]
[4746.1459859630995, 2884.3543334535784, -3121.5764221005256]
[5001.1508779089245, 1765.6904688641525, -3529.938818811607]
[4763.944891766528, 2378.046482520324, -3498.4803837072345]
[4913.576038964931, 2005.6140204034098, -3524.758702446306]
[4937.574849203128, 2849.12697308346, -2844.726893704384]
[5001.805970883878, 1709.4943248763393, -3556.5723924652484]
[5028.868766684305, 2653.821370891391, -2873.5608674373375]
[4962.706894242789, 2510.3471567331253, -3107.94762415923]
[5046.791340791247, 2763.555859272131, -2735.378799215415]
[5056.361069154436, 2973.6308199428563, -2486.0356966514737]
[4825.003556760717, 2444.788281883339, -3366.3024127389886]
[5031.951870031903, 2529.1883364015425, -2978.64192824395]
[4965.904948330853, 2805.8149301611284, -2838.4558516609086]
[4881.300013848031, 1987.4142492303772, -3579.488200394473]
[5014.60864247858, 1727.7017034073713, -3529.644172834195]
[4740.079147911409, 2838.5333071732134, -3172.3838569132445]
[4904.0351233498295, 2697.834609213416, -3043.3154503405526]
[4778.9887569260245, 2695.5086051703356, -3238.0767162973957]
[5042.953667663101, 2698.470412194217, -2806.5132710029457]
[4842.69995096263, 2885.5197995097537, -2968.446339684065]
[5007.699512826953, 1693.6057986678986, -3555.8804799868008]
[5057.350686319705, 2534.3729055303997, -2930.8358895194065]
[5041.491167585574, 2619.529372214976, -2882.893281975534]
[4984.605995034529, 1717.6891698856457, -3576.7146922732604]
[4779.803189918115, 2276.65022095741, -3544.007087614694]
[5087.309041481979, 1651.9889543834267, -3461.1934662845492]
[5170.693597111764, 2478.3982984352624, -2776.888654429738]
[4973.188082320417, 2924.6262445844745, -2702.517831088981]
[5042.720893503162, 2801.685169319496, -2703.917010975348]
[4989.504400312594, 3002.410122484952, -2584.573522974566]
[5033.836594925351, 1706.1720614420763, -3512.7065109890464]
[5051.700142273068, 2862.9013520248814, -2621.7861318445434]
[5113.252680388411, 2622.947614131168, -2750.351584802268]
[4740.767353896608, 2841.631563732788, -3168.5794849152358]
[4786.871053001384, 2925.296178835894, -3019.627259783157]
[4837.779127490473, 2874.7119662486157, -2986.8989311197884]
[5083.351518919992, 1646.3423483215208, -3469.6880561827165]
[5000.731853113793, 2655.5163829687117, -2920.711329973892]
[4976.370312925036, 2701.704864449074, -2919.960673373973]
[5029.447600564544, 2989.302447999096, -2521.5805970783817]
[5077.509738748575, 2721.554406343222, -2720.6024087005367]
[4790.155368662243, 2785.885444784015, -3143.7071798462503]
[4905.915073507489, 2819.032748855553, -2928.257613737547]
[4738.068929299395, 2856.243816519984, -3159.464366280945]
[4978.461331354086, 1800.5673529421097, -3544.3646792804975]
[5121.580881326836, 2354.520947306891, -2969.053954498047]
[5067.536801107239, 2727.1298264039383, -2733.5827551698226]
[5028.916773390967, 2757.975020051355, -2773.6637999367763]
[5148.137280880702, 2498.3783718791115, -2800.790789782939]
[5050.593958900038, 2719.4646575020492, -2772.3011450633758]
[4816.192696619224, 2780.038656612503, -3108.9088080501483]
[5043.596947163729, 2686.1207544754457, -2817.1840775740907]
[4779.164749755378, 2417.7371096915517, -3450.184424507763]
[5167.532934171977, 2482.369749100514, -2779.22377706413]
[4946.860622980175, 2854.582331220096, -2823.042807166451]
[5040.154886819988, 2698.764672681229, -2811.2539832523803]
[5041.642276043803, 2696.7940929727306, -2810.4778562577662]
[4803.0520753315695, 2285.1957060696036, -3506.8807146257695]
[5061.769625878816, 2711.0740734492647, -2760.1098932473374]
[5028.962225968424, 2809.9520888192847, -2720.909625166344]
[4957.329790546322, 2993.9053010483453, -2655.3819680257993]
[4745.837146575079, 2879.4983939974645, -3126.5251921508857]
[4761.398914910728, 2287.5843949053206, -3561.696086034375]
[4906.464799232025, 2025.6390199846633, -3523.2131264816517]
[4817.692086078433, 2649.856625087918, -3218.34488987972]
[5014.76579265179, 2974.793556936601, -2567.560776000821]
[4814.49947041411, 2614.4705567170736, -3251.888613935258]
[4720.17037398803, 2511.162747892153, -3464.634799531462]
[5076.5047086890745, 2715.020248935947, -2728.9935856512093]
[5072.438437471589, 2556.8119657726156, -2884.912801063968]
[5003.836570107643, 1788.7595866511504, -3514.484275226877]
[4749.831456310994, 2466.959749212336, -3455.8431290214517]
[4888.662666299904, 3011.7088465501656, -2760.476074653967]
[5088.731444184764, 1671.176384515164, -3449.8728644406697]
[5117.790857277018, 2365.8353833231095, -2966.5941212420944]
[4749.816325573295, 2358.805250360156, -3530.569878106191]
[5036.484609677078, 2793.971903998308, -2723.4508947572376]
[4989.051984237697, 2604.118609877123, -2986.2296569864716]
[4793.9656755980795, 2833.8887269104234, -3094.6096336496903]
[4863.8337699713065, 3029.3023256789684, -2784.9756691437537]
[5054.429531741495, 2665.6813353667153, -2817.1840775740907]
[4768.452801442203, 2746.382701486616, -3210.744607936465]
[4868.101696192538, 2046.638268399812, -3564.0564913941466]
[4967.130045355524, 1723.0980737363413, -3598.359784792585]
[4895.5003903059205, 3002.2195913725113, -2758.69433857643]
[4768.491922001337, 2275.929795586419, -3559.672647220522]
[5041.0988326985125, 1736.8263014256408, -3487.1762154559715]
[4886.947866347534, 3008.4629841571164, -2767.0439144613783]
[4747.83830163911, 2465.778411392895, -3459.423259359482]
[5072.59087423343, 2615.60609013408, -2831.442671836609]
[5045.537823194219, 2792.791448066779, -2707.8598564773647]
[5074.996663536433, 1748.9202297991164, -3431.5197646077286]
[4963.031564561774, 2696.513517061782, -2947.333293244354]
[5138.139609586209, 1743.329993295761, -3339.156014156375]
[5132.466533987985, 1729.8147463202454, -3354.872459707877]
[5036.052150954807, 2700.1817333967033, -2817.2394891975796]
[5190.819280354878, 2175.249465669991, -2985.519378734374]
[4975.083225342312, 1767.475362020145, -3565.7003162870105]
[4774.686892097867, 3070.408217526947, -2892.1617278727363]
[4974.581025694032, 1732.557963833923, -3583.4937589956207]
[5069.307057609162, 2625.8990096891907, -2827.7944314584242]
[4768.753830007016, 2683.431073538729, -3263.100608678837]
[4781.605593092973, 2649.759958284699, -3271.79784148915]
[4957.156414685405, 1795.8791341572476, -3576.4590611164485]
[4737.327930315774, 2379.6973684827435, -3533.327824457613]
[4749.2728666270605, 2686.393578997114, -3288.972145981637]
[5054.169024062759, 2714.3768549791544, -2770.771510853608]
[5085.329769439657, 2669.2917426250197, -2757.5249280477396]
[4748.079889393941, 2633.890095648942, -3332.8668332195984]
[4770.400999555649, 2288.254031105483, -3549.198330971091]
[5035.790109656321, 1721.1935761955965, -3502.563581828401]
[5056.91635450221, 2974.789947708068, -2483.5182203042327]
[4718.655355796329, 2767.8970084428006, -3265.375749261946]
[4963.0703788715155, 1728.027191275571, -3601.5962350852724]
[4731.4188842131025, 2684.8725177360493, -3315.8371349656663]
[4936.4733818568775, 2874.6252142108574, -2820.8866386371687]
[4890.623929808878, 3001.611374082166, -2767.989836715687]
[5150.979972431985, 2571.7082438978205, -2728.25274340054]
[4902.7308422913375, 3005.5091319149906, -2742.2228476221403]
[4732.101669028134, 2828.27318522619, -3193.387791000594]
[4771.105366808393, 2785.030814357972, -3173.2944934072416]
[4744.298607542705, 2875.555220911547, -3132.4836622010803]
[4783.291850343814, 2820.5424912346343, -3123.1874951040595]
[5273.1491874894655, 1660.8470167935577, -3166.2479109013448]
[5002.9294276303735, 1753.4886501727262, -3533.499072571755]
[5052.77432300551, 2683.749022326087, -2802.963400749282]
[4913.43642969609, 2871.0845673923973, -2864.3772199583864]
[4831.5699236713135, 2438.2205721118185, -3361.644465794308]
[4740.655308067932, 2631.584213645218, -3345.2343380667085]
[4996.4352434063685, 2875.9793886915622, -2711.8293482938884]
[4732.469868628333, 2828.7735135086455, -3192.3988397123703]
[5156.901452486642, 2751.280299852866, -2535.0473606981573]
[4770.487560761324, 2966.511891260177, -3005.3114034378273]
[4931.315627098623, 2960.3716019371077, -2740.066999979606]
